-98.560554,19.082690
-98.560554,19.244190
-98.785430,19.244190
-98.785430,19.082690
-98.560554,19.082690

546229.108367368,	2110034.919208717
546184.1150828484,	2127905.26961243
522550.3640021369,	2127860.8111237506
522572.3323253172,	2109990.7768978225
546229.108367368,	2110034.919208717

(546229.108367368 + 522550.3640021369)/2 = 534389.73618


-98.67233276367189,19.19510803775269
-98.5964584350586,19.19510803775269
-98.5964584350586,19.13803269838618
-98.67233276367189,19.13868139275108

,2122448.3387189396
542423.2354482827,
,
534458.4189349485,2116204.661383798

534446.6955181177
2116149.575518652
542437.8394552615
2122465.0736051966